     0/249     1.74G   0.04185   0.01121   0.01868   0.07174        45       640   0.06247   0.04168   0.02275  0.006393   0.05441   0.02305   0.01737
     1/249     1.51G    0.0246  0.007008   0.01026   0.04187        24       640    0.3513    0.1982     0.151   0.04316   0.05669   0.01929   0.01497
     2/249     1.51G   0.02079  0.005486  0.004418    0.0307        52       640    0.3971    0.2636    0.2252   0.08562   0.05026   0.01985   0.01405
     3/249     1.51G     0.017  0.004995  0.002396   0.02439        28       640    0.5132    0.3394    0.3135    0.1358   0.04789    0.0188   0.01331
     4/249     1.51G   0.01491  0.004271  0.001716    0.0209        41       640     0.453    0.4644    0.3794    0.1665   0.04219    0.0175   0.01123
     5/249     1.51G   0.01453  0.004106  0.001774   0.02041        31       640    0.5668    0.4415    0.4324    0.1877   0.04213   0.01757   0.01237
     6/249     1.51G   0.01363  0.003807  0.001346   0.01879        39       640    0.6157    0.4816    0.4678      0.21   0.04303   0.01731   0.01045
     7/249     1.51G   0.01344   0.00363  0.001336    0.0184        43       640    0.6441    0.4491    0.4652    0.2083   0.04126   0.01741   0.01131
     8/249     1.51G   0.01291   0.00349  0.001224   0.01762        24       640    0.6511    0.5187    0.5308    0.2493   0.03959   0.01699   0.01044
     9/249     1.51G   0.01248  0.003521  0.001134   0.01714        55       640    0.7073     0.429    0.4974    0.2236   0.03746   0.01744  0.009572
    10/249     1.51G   0.01247  0.003421  0.001155   0.01705        31       640    0.6968    0.4691    0.5024    0.2407   0.03741   0.01782   0.01001
    11/249     1.51G   0.01252  0.003357  0.001163   0.01704        41       640    0.6881    0.4508    0.5022    0.2271   0.03736   0.01772  0.009713
    12/249     1.51G   0.01335  0.003879  0.001816   0.01905        58       640    0.6435    0.4379    0.4553    0.2253   0.04049   0.01834   0.01041
    13/249     1.51G    0.0125  0.003614  0.001361   0.01748        22       640    0.6123    0.4685     0.492    0.2437   0.03976    0.0179   0.01041
    14/249     1.51G   0.01218  0.003362  0.001264   0.01681        46       640    0.6044    0.4928    0.5196    0.2469   0.03865   0.01734   0.01015
    15/249     1.51G   0.01235  0.003329  0.001348   0.01703        22       640    0.7686    0.4527    0.5283    0.2621   0.04061   0.01722  0.009697
    16/249     1.51G   0.01223  0.003215  0.001189   0.01663        34       640    0.6342    0.5362    0.5446    0.2493   0.03928   0.01714  0.009417
    17/249     1.51G   0.01166  0.003161 0.0009451   0.01576        33       640     0.762    0.5078    0.5832     0.278    0.0393   0.01684  0.008945
    18/249     1.51G     0.012   0.00318 0.0009504   0.01613        31       640     0.668    0.5397    0.5497    0.2823   0.03897   0.01693  0.009331
    19/249     1.51G   0.01138  0.003072  0.000865   0.01531        53       640    0.7689     0.479    0.5575    0.2821   0.03836   0.01689  0.009188
    20/249     1.51G   0.01168  0.003137  0.001027   0.01585        51       640      0.69     0.524    0.5518    0.2601   0.03839   0.01715  0.008868
    21/249     1.51G   0.01172   0.00313 0.0009114   0.01576        24       640    0.6976    0.5099    0.5461    0.2708   0.03817   0.01699  0.009301
    22/249     1.51G   0.01166  0.003075 0.0008361   0.01557        45       640    0.7735    0.4932    0.5907    0.2839   0.03775   0.01727  0.008195
    23/249     1.51G   0.01138  0.003016 0.0007876   0.01518        33       640    0.6986    0.5403    0.5953    0.2859   0.03732   0.01725  0.009008
    24/249     1.51G   0.01139     0.003 0.0007683   0.01515        36       640    0.7222    0.5303    0.5791    0.3005   0.03702   0.01673  0.007015
    25/249     1.51G   0.01099  0.002997 0.0007427   0.01473        49       640    0.7039    0.4972    0.5492    0.2719   0.03694   0.01729  0.007184
    26/249     1.51G    0.0109  0.002987 0.0006484   0.01453        43       640    0.6953    0.5632    0.6078    0.2986   0.03781   0.01699  0.007159
    27/249     1.51G   0.01133  0.002884 0.0007119   0.01493        17       640    0.7021    0.5408       0.6    0.3061   0.03757   0.01669   0.00723
    28/249     1.51G   0.01114  0.002929 0.0007934   0.01486        25       640    0.7792    0.5242    0.5822    0.3116   0.03676   0.01659  0.008392
    29/249     1.51G   0.01109  0.002819  0.000684    0.0146        23       640    0.7518    0.5622    0.6171    0.3119   0.03628   0.01641  0.008153
    30/249     1.51G   0.01085  0.002912 0.0007242   0.01448        28       640    0.7307    0.5539    0.6122    0.3081   0.03603    0.0165  0.008255
    31/249     1.51G   0.01089  0.002942 0.0006407   0.01447        58       640    0.7586    0.5243    0.6139     0.298   0.03679   0.01657   0.00872
    32/249     1.51G   0.01062  0.002825 0.0005598     0.014        29       640    0.7585    0.5401    0.6124    0.3093    0.0364   0.01656  0.008883
    33/249     1.51G    0.0104  0.002802 0.0006949    0.0139        55       640    0.7554    0.5243    0.5787    0.2862   0.03657   0.01689  0.008376
    34/249     1.51G   0.01053  0.002751 0.0006363   0.01391        39       640    0.7241    0.5495    0.6049     0.312   0.03632   0.01664  0.008011
    35/249     1.51G   0.01075  0.002834 0.0006479   0.01423        27       640    0.7224     0.537    0.5897     0.298   0.03613   0.01682  0.008849
    36/249     1.51G   0.01078  0.002824 0.0005923    0.0142        24       640    0.7185    0.5638    0.5904    0.3061   0.03637   0.01672  0.007712
    37/249     1.51G   0.01033  0.002812 0.0005082   0.01365        29       640    0.7755    0.5654    0.6353    0.3254   0.03548   0.01664  0.007518
    38/249     1.51G   0.01041  0.002797 0.0005914    0.0138        38       640    0.7376    0.5622    0.6305    0.3204   0.03574   0.01657  0.007398
    39/249     1.51G   0.01051  0.002874 0.0006472   0.01403        31       640    0.7645    0.5852    0.6411    0.3264   0.03512   0.01635  0.008452
    40/249     1.51G   0.01037  0.002753  0.000539   0.01366        48       640     0.738    0.5673    0.6313    0.3259   0.03555   0.01671  0.007989
    41/249     1.51G   0.01029  0.002764 0.0005002   0.01355        21       640    0.7065    0.5905    0.6418    0.3147   0.03585   0.01642  0.008331
    42/249     1.51G      0.01  0.002775 0.0005027   0.01328        36       640    0.8102    0.5295    0.6162    0.3132   0.03564   0.01689   0.00845
    43/249     1.51G   0.01024  0.002754 0.0005829   0.01357        32       640    0.7457    0.5854    0.6485    0.3276   0.03554    0.0167  0.007876
    44/249     1.51G   0.01018  0.002728 0.0005952    0.0135        46       640    0.7191    0.5889    0.6343    0.3145   0.03514   0.01619  0.007231
    45/249     1.51G  0.009884  0.002791 0.0005803   0.01326        51       640    0.7654    0.5491     0.642    0.3287   0.03485   0.01635   0.00753
    46/249     1.51G   0.01025   0.00273 0.0006686   0.01365        31       640    0.7659    0.5865    0.6537    0.3344   0.03457   0.01624  0.007634
    47/249     1.51G   0.01006   0.00267 0.0005232   0.01326        49       640    0.7769    0.5879    0.6527    0.3392   0.03406   0.01637  0.007646
    48/249     1.51G   0.01018  0.002754 0.0004762   0.01341        20       640    0.7951    0.6096    0.6634    0.3419   0.03438   0.01613  0.007679
    49/249     1.51G   0.01018  0.002707 0.0005601   0.01344        33       640    0.7636     0.577    0.6304    0.3255   0.03278   0.01674  0.007698
    50/249     1.51G  0.009953  0.002685 0.0004704   0.01311        52       640    0.7927    0.6045    0.6638    0.3456   0.03324   0.01659  0.007648
    51/249     1.51G  0.009832  0.002792 0.0005311   0.01315        22       640    0.7376    0.5883    0.6338    0.3214   0.03331   0.01658  0.007285
    52/249     1.51G   0.00981  0.002702 0.0004768   0.01299        45       640    0.8165    0.5497    0.6374      0.33   0.03351   0.01658  0.007489
    53/249     1.51G  0.009832  0.002691 0.0004578   0.01298        32       640    0.8127    0.5545    0.6481    0.3435   0.03345   0.01641  0.007817
    54/249     1.51G  0.009939  0.002573 0.0004775   0.01299        32       640    0.6949    0.6295    0.6372    0.3373   0.03368   0.01616  0.007476
    55/249     1.51G  0.009423  0.002644 0.0004881   0.01256        19       640    0.7353    0.5871     0.632    0.3295   0.03428   0.01651  0.007893
    56/249     1.51G  0.009955  0.002699 0.0006718   0.01333        22       640    0.7042    0.6129    0.6256    0.3211   0.03463   0.01626  0.007295
    57/249     1.51G  0.009808  0.002636 0.0005062   0.01295        24       640    0.7531    0.5869    0.6395    0.3412   0.03413   0.01614  0.007509
    58/249     1.51G  0.009726  0.002663 0.0005851   0.01297        57       640    0.7798    0.5682    0.6325    0.3385   0.03404   0.01645  0.007831
    59/249     1.51G  0.009848  0.002675 0.0005012   0.01302        41       640    0.7847    0.5973    0.6474    0.3435   0.03426   0.01646  0.007122
    60/249     1.51G   0.01006  0.002626 0.0005636   0.01325        38       640    0.7477    0.5859    0.6325    0.3364   0.03409    0.0162  0.007615
    61/249     1.51G  0.009483   0.00255  0.000443   0.01248        45       640     0.765    0.6066    0.6515    0.3327   0.03442    0.0165  0.006825
    62/249     1.51G  0.009464  0.002625   0.00045   0.01254        48       640    0.7264    0.5676     0.609    0.3146   0.03422   0.01636  0.008118
    63/249     1.51G  0.009556   0.00261 0.0005514   0.01272        33       640    0.7483    0.6066     0.642    0.3453   0.03408   0.01579   0.00783
    64/249     1.51G  0.009956  0.002847 0.0006268   0.01343        44       640    0.8179     0.535    0.6325    0.3195    0.0344   0.01613  0.007711
    65/249     1.51G   0.00966  0.002815 0.0006315   0.01311        35       640    0.7687    0.5829    0.6446    0.3324   0.03401   0.01634  0.007232
    66/249     1.51G  0.009861  0.002649 0.0006487   0.01316        42       640    0.7331    0.5962    0.6275    0.3193   0.03428   0.01631  0.006909
    67/249     1.51G  0.009496   0.00265 0.0005466   0.01269        22       640    0.7618    0.5563    0.6166    0.3214   0.03383   0.01623  0.007352
    68/249     1.51G  0.009578  0.002768 0.0006346   0.01298        40       640    0.7802    0.5715    0.6325    0.3216     0.033   0.01623  0.007183
    69/249     1.51G  0.009516  0.002754 0.0005609   0.01283        29       640    0.7598    0.5655    0.6281      0.33    0.0324   0.01495  0.007639
    70/249     1.51G  0.009572  0.002797 0.0005434   0.01291        34       640    0.7487    0.5973    0.6397     0.334   0.03164   0.01321  0.007387
    71/249     1.51G  0.009487  0.002762 0.0005255   0.01277        47       640    0.7665    0.5784    0.6388    0.3329   0.03144   0.01279  0.006992
    72/249     1.51G  0.009428    0.0028 0.0005568   0.01279        29       640    0.8164    0.5805    0.6559    0.3423    0.0303   0.01239  0.006658
    73/249     1.51G  0.009792  0.002725 0.0005981   0.01312        39       640    0.7559    0.5908    0.6401    0.3413   0.02987   0.01261   0.00703
    74/249     1.51G  0.009459  0.002793 0.0004561   0.01271        29       640    0.7703    0.5676    0.6339    0.3318   0.03016   0.01275  0.006818
    75/249     1.51G  0.009378   0.00275 0.0004541   0.01258        37       640    0.7622    0.6053     0.649    0.3426   0.03012     0.013  0.007256
    76/249     1.51G  0.009195  0.002805 0.0005536   0.01255        24       640    0.8184    0.5674    0.6365    0.3453   0.03014    0.0129  0.006993
    77/249     1.51G  0.009014  0.002718 0.0003633    0.0121        42       640    0.7488    0.6087    0.6432     0.338   0.03013   0.01254  0.007044
    78/249     1.51G  0.009326  0.002707 0.0004642    0.0125        53       640     0.745    0.5914    0.6498    0.3488   0.02912   0.01294  0.007897
    79/249     1.51G  0.009016  0.002607 0.0003875   0.01201        25       640    0.7688    0.6217    0.6604    0.3523   0.02943    0.0126  0.007185
    80/249     1.51G  0.008938  0.002693   0.00047    0.0121        30       640    0.8088    0.5982    0.6617    0.3522   0.02955    0.0123   0.00789
    81/249     1.51G  0.009301  0.002748 0.0004373   0.01249        26       640    0.7763    0.6053    0.6571    0.3553   0.02907   0.01263  0.007949
    82/249     1.51G  0.009283  0.002736 0.0005257   0.01254        32       640    0.7881    0.5856    0.6474    0.3462   0.02903   0.01267  0.007996
    83/249     1.51G  0.009088  0.002651 0.0005237   0.01226        40       640     0.787    0.5785     0.634     0.339   0.02918   0.01279  0.007516
    84/249     1.51G  0.009123  0.002688 0.0004488   0.01226        39       640    0.8267    0.5567    0.6422    0.3437   0.02859   0.01255  0.007885
    85/249     1.51G  0.009028  0.002679 0.0004477   0.01215        40       640    0.7489    0.6273    0.6644    0.3537     0.029   0.01238  0.007661
    86/249     1.51G  0.009012  0.002563  0.000385   0.01196        28       640    0.7862    0.5985    0.6598     0.358   0.02872   0.01244  0.007704
    87/249     1.51G  0.008724  0.002623 0.0003929   0.01174        48       640     0.813    0.5534    0.6507    0.3541   0.02893   0.01271   0.00747
    88/249     1.51G  0.008648  0.002601 0.0004034   0.01165        27       640    0.8078    0.5988     0.666    0.3609   0.02877   0.01277  0.007446
    89/249     1.51G  0.008875  0.002571 0.0004499    0.0119        37       640    0.7687    0.6096     0.658    0.3486   0.02882   0.01248  0.007486
    90/249     1.51G    0.0088  0.002702 0.0004993     0.012        51       640    0.7934    0.5994    0.6516    0.3527   0.02883   0.01266  0.007237
    91/249     1.51G  0.008831  0.002615 0.0005385   0.01198        44       640    0.8376    0.5854    0.6611     0.346   0.02885   0.01284  0.007242
    92/249     1.51G  0.008944  0.002574 0.0005016   0.01202        21       640      0.81    0.5814    0.6521    0.3431   0.02871   0.01294   0.00755
    93/249     1.51G  0.008477  0.002533 0.0003718   0.01138        48       640    0.8033    0.6121    0.6748    0.3573   0.02851   0.01263  0.007153
    94/249     1.51G  0.008562  0.002627 0.0004141    0.0116        26       640    0.8284    0.6023    0.6709    0.3492   0.02808   0.01266  0.006937
    95/249     1.51G  0.008804  0.002612 0.0003804    0.0118        22       640    0.8492    0.5955    0.6781    0.3581   0.02851   0.01264  0.006951
    96/249     1.51G   0.00918  0.002646 0.0006494   0.01248        45       640    0.7919     0.591    0.6513    0.3533   0.02898   0.01255  0.007165
    97/249     1.51G  0.009149  0.002617 0.0004613   0.01223        45       640    0.8293    0.6064    0.6672     0.354   0.02817   0.01272  0.006881
    98/249     1.51G  0.008454  0.002517 0.0003196   0.01129        50       640    0.8203    0.6157    0.6748    0.3578     0.028   0.01253  0.007145
    99/249     1.51G  0.008753  0.002592 0.0004537    0.0118        49       640    0.7781     0.608    0.6579    0.3508    0.0277   0.01274  0.007621
   100/249     1.51G  0.008708  0.002555  0.000436    0.0117        30       640    0.7786     0.626    0.6645    0.3499    0.0278   0.01268  0.007894
   101/249     1.51G  0.008618  0.002548 0.0004098   0.01158        34       640    0.8212    0.5897    0.6596    0.3552   0.02813   0.01272  0.007938
   102/249     1.51G  0.008671  0.002575 0.0004388   0.01168        38       640    0.8128    0.6182    0.6854    0.3575    0.0282   0.01282  0.007478
   103/249     1.51G   0.00831   0.00252 0.0004296   0.01126        31       640    0.8409    0.6096    0.6846    0.3558   0.02831   0.01287  0.006739
   104/249     1.51G  0.008683  0.002554 0.0003598    0.0116        38       640    0.7523    0.6497     0.676    0.3593   0.02799    0.0127  0.007175
   105/249     1.51G   0.00827  0.002493 0.0003412    0.0111        36       640     0.766    0.6309    0.6634    0.3558   0.02783   0.01274  0.007256
   106/249     1.51G  0.008316  0.002486 0.0003734   0.01118        44       640    0.8363    0.5791    0.6706    0.3601   0.02827   0.01281  0.007173
   107/249     1.51G  0.008589  0.002501 0.0003931   0.01148        29       640    0.8244    0.5966    0.6652    0.3676   0.02809   0.01301   0.00756
   108/249     1.51G  0.008353  0.002503  0.000423   0.01128        33       640    0.8055    0.6165    0.6865    0.3678   0.02788   0.01291  0.006907
   109/249     1.51G  0.008323  0.002498  0.000379    0.0112        43       640    0.7958    0.6263    0.6826    0.3626    0.0276   0.01313  0.006716
   110/249     1.51G  0.008091  0.002526 0.0003568   0.01097        39       640     0.807    0.5974    0.6557    0.3503   0.02791   0.01318   0.00768
   111/249     1.51G  0.008571  0.002558 0.0005797   0.01171        27       640    0.8086    0.6215    0.6759    0.3549   0.02797   0.01294  0.007279
   112/249     1.51G  0.008334  0.002469 0.0004228   0.01123        34       640    0.7744    0.6365    0.6819     0.362   0.02823   0.01309  0.007244
   113/249     1.51G  0.008083  0.002511 0.0003915   0.01099        40       640    0.8189    0.6106    0.6753    0.3674   0.02844   0.01299  0.007928
   114/249     1.51G  0.008079  0.002502 0.0003888   0.01097        48       640    0.8616    0.5948    0.6865     0.367   0.02833   0.01316  0.007448
   115/249     1.51G  0.008576   0.00253 0.0004765   0.01158        65       640    0.8841    0.5815    0.6886     0.371   0.02825   0.01297  0.007384
   116/249     1.51G  0.008254  0.002418 0.0003636   0.01104        25       640    0.8312    0.6122    0.6972    0.3718    0.0282   0.01292  0.007519
   117/249     1.51G  0.008387  0.002487 0.0003787   0.01125         7       640    0.7773    0.6527    0.6992    0.3754   0.02766   0.01294  0.007283
   118/249     1.51G  0.008857  0.002645 0.0006948    0.0122        43       640    0.8568    0.5659    0.6739     0.366   0.02843   0.01318  0.007461
   119/249     1.51G  0.008481  0.002518 0.0004356   0.01143        39       640     0.808    0.5718    0.6436    0.3477   0.02855   0.01355  0.007444
   120/249     1.51G     0.008  0.002481 0.0003882   0.01087        49       640    0.7993    0.5867    0.6579    0.3549   0.02809   0.01349  0.007148
   121/249     1.51G  0.008383  0.002486 0.0003791   0.01125        45       640    0.8641    0.5926      0.69    0.3729   0.02774   0.01333  0.006727
   122/249     1.51G  0.008263  0.002474 0.0003844   0.01112        31       640    0.8026    0.6259    0.6872    0.3714   0.02776   0.01336  0.006523
   123/249     1.51G  0.007928  0.002462 0.0003358   0.01073        30       640    0.7724    0.6502    0.6827    0.3691   0.02775   0.01322  0.007037
   124/249     1.51G  0.008184  0.002405 0.0004024   0.01099        38       640    0.7958    0.6538    0.6896    0.3711   0.02769   0.01317  0.007118
   125/249     1.51G   0.00798  0.002385 0.0003403   0.01071        13       640    0.7791    0.6664    0.6984    0.3756   0.02763   0.01325  0.007025
   126/249     1.51G  0.008024    0.0024 0.0003702   0.01079        37       640     0.796    0.6398    0.6936    0.3779   0.02767   0.01336     0.007
   127/249     1.51G  0.008242  0.002339 0.0004122   0.01099        35       640     0.816    0.6354    0.6884    0.3767   0.02744   0.01328  0.006958
   128/249     1.51G   0.00791   0.00237  0.000326   0.01061        30       640    0.8085    0.6484    0.7001     0.379   0.02745   0.01331  0.007109
   129/249     1.51G  0.007949  0.002428 0.0003155   0.01069        57       640     0.783    0.6533    0.7007    0.3801   0.02752   0.01333  0.007202
   130/249     1.51G  0.008134  0.002398  0.000362   0.01089        29       640    0.8154    0.6337    0.6976    0.3779   0.02763   0.01323  0.007317
   131/249     1.51G  0.007918  0.002377  0.000359   0.01065        29       640    0.8496    0.6228     0.695    0.3764   0.02772   0.01337  0.007308
   132/249     1.51G  0.007845   0.00238 0.0003457   0.01057        28       640    0.8183    0.6489    0.6968    0.3769   0.02792    0.0134  0.007244
   133/249     1.51G  0.007948  0.002336 0.0004335   0.01072        51       640    0.7945    0.6636    0.7002    0.3759   0.02808   0.01339   0.00718
   134/249     1.51G  0.008092  0.002376 0.0004366    0.0109        34       640    0.7694    0.6656    0.6971    0.3702   0.02797   0.01328  0.007132
   135/249     1.51G  0.008164   0.00237 0.0003982   0.01093        34       640    0.7646    0.6678    0.6903    0.3708   0.02804   0.01335  0.007394
   136/249     1.51G  0.007766  0.002323 0.0003342   0.01042        44       640    0.7924    0.6489    0.6898    0.3741    0.0279   0.01332  0.007483
   137/249     1.51G  0.007896  0.002403 0.0004353   0.01073        30       640    0.9083    0.5869    0.6886    0.3782    0.0279   0.01324  0.007353
   138/249     1.51G  0.007921   0.00238 0.0004416   0.01074        43       640    0.8523    0.6155    0.6897    0.3757   0.02801   0.01325  0.007079
   139/249     1.51G  0.007817  0.002368 0.0003695   0.01056        47       640    0.8195    0.6345    0.6926    0.3786   0.02806   0.01324  0.007038
   140/249     1.51G  0.008102  0.002248  0.000499   0.01085        29       640    0.8473    0.6154    0.7005    0.3781   0.02802   0.01343   0.00704
   141/249     1.51G  0.007796  0.002371 0.0003654   0.01053        58       640    0.8164     0.637    0.7071    0.3775   0.02814   0.01354  0.007073
   142/249     1.51G  0.007681  0.002303 0.0003174    0.0103        50       640    0.8146    0.6477    0.6958    0.3763   0.02806   0.01353  0.006831
   143/249     1.51G  0.007575  0.002262 0.0003125   0.01015        31       640    0.8083    0.6499    0.6935    0.3729   0.02807   0.01366  0.006847
   144/249     1.51G  0.008081  0.002286 0.0004838   0.01085        25       640    0.8257    0.6406    0.6941    0.3777   0.02809   0.01362  0.007042
   145/249     1.51G  0.007784  0.002312 0.0003215   0.01042        24       640    0.8344    0.6339    0.6977    0.3759   0.02812   0.01353  0.007383
   146/249     1.51G  0.008258  0.002334 0.0005375   0.01113        46       640    0.8051    0.6581    0.7001    0.3783   0.02797   0.01333  0.007339
   147/249     1.51G  0.007554  0.002303 0.0003573   0.01021        40       640    0.8227     0.633    0.6979    0.3776   0.02786   0.01324  0.007348
   148/249     1.51G  0.007547  0.002242 0.0004107    0.0102        25       640    0.8294    0.6448     0.698     0.383   0.02779   0.01331  0.007485
   149/249     1.51G  0.007502  0.002258 0.0003131   0.01007        14       640    0.8354    0.6487    0.6998    0.3854   0.02772   0.01334  0.007488
   150/249     1.51G  0.007622  0.002303  0.000315   0.01024        50       640    0.8486    0.6287    0.6933    0.3816    0.0277   0.01346  0.007526
   151/249     1.51G  0.007776  0.002258 0.0003295   0.01036        39       640    0.8542    0.6187    0.6921     0.382   0.02762   0.01345  0.007698
   152/249     1.51G  0.007513  0.002228 0.0003448   0.01009        23       640    0.8251     0.629    0.6833    0.3767   0.02774   0.01356  0.007684
   153/249     1.51G  0.007912  0.002273 0.0004856   0.01067        34       640    0.7957    0.6303    0.6746    0.3744   0.02785   0.01356  0.007585
   154/249     1.51G  0.007768  0.002307 0.0004263    0.0105        31       640    0.8074    0.6382    0.6793     0.375   0.02784   0.01359  0.007354
   155/249     1.51G  0.007224  0.002205 0.0002856  0.009715        29       640    0.8097    0.6496    0.6899     0.373   0.02786   0.01369  0.007369
   156/249     1.51G  0.007602  0.002191 0.0004073    0.0102        10       640    0.8284    0.6386    0.6878     0.372   0.02774   0.01376  0.007368
   157/249     1.51G  0.007643  0.002234 0.0003895   0.01027        16       640    0.8056    0.6407    0.6825    0.3734   0.02778   0.01381  0.007226
   158/249     1.51G  0.007489  0.002238 0.0003743    0.0101        18       640    0.8269    0.6378    0.7013    0.3744   0.02774   0.01382  0.007172
   159/249     1.51G  0.007362  0.002335 0.0003469   0.01004        28       640    0.8275    0.6422    0.7001    0.3807   0.02765   0.01377  0.006972
   160/249     1.51G  0.007518  0.002321 0.0004112   0.01025        39       640    0.8023    0.6562     0.708    0.3852   0.02762    0.0138  0.006906
   161/249     1.51G  0.007615  0.002308 0.0003202   0.01024        32       640    0.8175    0.6552    0.7047    0.3868   0.02771   0.01373   0.00722
   162/249     1.51G  0.007406  0.002262 0.0004157   0.01008        23       640    0.8525    0.6293    0.7021    0.3827    0.0278   0.01378  0.007355
   163/249     1.51G  0.007544   0.00221 0.0003582   0.01011        46       640    0.8687    0.6286    0.7112    0.3846   0.02783   0.01382  0.007308
   164/249     1.51G  0.007453  0.002202 0.0003458      0.01        39       640    0.8424    0.6378    0.7072    0.3831   0.02787   0.01383  0.007356
   165/249     1.51G  0.007242  0.002177 0.0002872  0.009706        40       640    0.8433    0.6286    0.7016    0.3816   0.02796    0.0139  0.007295
   166/249     1.51G  0.007445  0.002171 0.0003259  0.009942        57       640    0.8524    0.6248    0.7009    0.3785   0.02802   0.01394  0.007233
   167/249     1.51G   0.00741  0.002215 0.0003125  0.009938        32       640    0.8364    0.6436    0.6979      0.38   0.02804   0.01396  0.007223
   168/249     1.51G  0.007169  0.002258 0.0003742  0.009801        54       640    0.8453    0.6487     0.705    0.3806   0.02803   0.01394  0.007271
   169/249     1.51G  0.007297  0.002204 0.0003758  0.009877        44       640    0.8415    0.6467     0.705    0.3789     0.028   0.01394  0.007299
   170/249     1.51G  0.007206  0.002129  0.000366  0.009701        30       640    0.8447    0.6428    0.7063    0.3813   0.02788   0.01385   0.00739
   171/249     1.51G  0.007367  0.002217 0.0003525  0.009936        59       640    0.8343    0.6438    0.7066    0.3811   0.02775   0.01382  0.007438
   172/249     1.51G  0.007397   0.00216 0.0003826  0.009939        58       640    0.8003    0.6667    0.7078    0.3808   0.02769   0.01382  0.007464
   173/249     1.51G  0.007214  0.002174 0.0002921  0.009679        33       640    0.8735    0.6193    0.7081    0.3833   0.02766    0.0138  0.007471
   174/249     1.51G  0.007179  0.002219 0.0003151  0.009713        24       640    0.8305    0.6493    0.7064      0.38   0.02767   0.01382   0.00746
   175/249     1.51G  0.007118  0.002177 0.0002963  0.009592        40       640    0.8284    0.6523    0.7061    0.3803   0.02768   0.01384  0.007515
   176/249     1.51G  0.007258  0.002138  0.000274   0.00967        34       640    0.8395    0.6535    0.7073    0.3835   0.02759   0.01381  0.007618
   177/249     1.51G  0.007081  0.002149 0.0003143  0.009545        43       640    0.8424    0.6494    0.7047    0.3855   0.02752   0.01383  0.007664
   178/249     1.51G  0.007046  0.002145 0.0003246  0.009515        38       640    0.8385    0.6478     0.704    0.3846   0.02745   0.01385  0.007703
   179/249     1.51G   0.00691  0.002157 0.0002515  0.009318        44       640    0.8418    0.6485    0.7054    0.3826   0.02739   0.01384  0.007673
   180/249     1.51G  0.007091  0.002093 0.0002667  0.009451        31       640    0.8274    0.6504    0.6922    0.3857   0.02737   0.01384  0.007638
   181/249     1.51G  0.007213  0.002151 0.0003128  0.009677        36       640    0.8119    0.6636    0.6924    0.3843   0.02736    0.0138  0.007649
   182/249     1.51G  0.007233  0.002125 0.0003476  0.009706        30       640    0.8383    0.6527     0.693    0.3844   0.02737   0.01381  0.007684
   183/249     1.51G  0.006828  0.002156 0.0002616  0.009246        33       640    0.8357    0.6498    0.6925    0.3843   0.02735    0.0138  0.007757
   184/249     1.51G  0.007136  0.002035 0.0002832  0.009454        51       640    0.8219    0.6554    0.6878    0.3851   0.02736   0.01383  0.007766
   185/249     1.51G   0.00723  0.002143 0.0003883  0.009761        42       640    0.8346    0.6527    0.6902    0.3873   0.02733   0.01385  0.007681
   186/249     1.51G   0.00706  0.002129 0.0003614  0.009551        42       640    0.8418     0.657    0.6942    0.3881   0.02727   0.01385  0.007641
   187/249     1.51G  0.007058  0.002081 0.0002766  0.009416        44       640    0.8348    0.6638     0.694    0.3878   0.02725   0.01383  0.007609
   188/249     1.51G  0.007221  0.002176 0.0003042  0.009702        52       640    0.8298    0.6731    0.6997     0.388   0.02726   0.01383  0.007606
   189/249     1.51G  0.006823  0.002052 0.0003031  0.009178        31       640    0.8444    0.6674    0.6996    0.3884   0.02727   0.01382  0.007557
   190/249     1.51G  0.007021  0.002087  0.000342  0.009449        36       640    0.8566    0.6608    0.7019    0.3889   0.02726    0.0138  0.007501
   191/249     1.51G  0.007145  0.002104 0.0004575  0.009706        39       640    0.8463    0.6658    0.7028    0.3903   0.02725   0.01379  0.007501
   192/249     1.51G  0.006944  0.002096 0.0002894   0.00933        18       640    0.8594    0.6515    0.7023    0.3905   0.02724    0.0138  0.007498
   193/249     1.51G  0.007016  0.002069 0.0003237  0.009409        30       640    0.8504    0.6563    0.7013    0.3902   0.02721   0.01382  0.007474
   194/249     1.51G  0.006881  0.002049 0.0002839  0.009214        27       640    0.8528    0.6591     0.703    0.3895   0.02718   0.01384  0.007457
   195/249     1.51G  0.006766  0.002078 0.0002787  0.009123        50       640    0.8607    0.6609    0.7047    0.3916   0.02715   0.01384  0.007484
   196/249     1.51G  0.007129  0.002066 0.0004091  0.009604        45       640    0.8602    0.6638    0.7059     0.392   0.02714   0.01386  0.007447
   197/249     1.51G  0.007049  0.002175  0.000374  0.009597        60       640    0.8566    0.6658     0.708    0.3934   0.02712   0.01387  0.007422
   198/249     1.51G  0.007029  0.002078 0.0003663  0.009474        39       640    0.8514    0.6657    0.7059    0.3931    0.0271   0.01388  0.007431
   199/249     1.51G  0.007008  0.002087  0.000271  0.009366        44       640    0.8563    0.6599    0.7047    0.3926   0.02706   0.01385  0.007443
   200/249     1.51G  0.006905  0.002102 0.0002593  0.009266        48       640    0.8489      0.67    0.7047    0.3959   0.02703   0.01385  0.007428
   201/249     1.51G  0.007206  0.002082 0.0004388  0.009727        41       640    0.8371    0.6724    0.6982    0.3944   0.02701   0.01386  0.007414
   202/249     1.51G   0.00694  0.002068 0.0003142  0.009322        19       640    0.8259    0.6782    0.7038    0.3942   0.02704    0.0139  0.007399
   203/249     1.51G  0.007017  0.002101 0.0003636  0.009482        32       640    0.8191    0.6785    0.7032    0.3938   0.02706   0.01394  0.007402
   204/249     1.51G  0.006916  0.002101 0.0003268  0.009344        43       640    0.8474    0.6562    0.7032    0.3936   0.02708   0.01394  0.007392
   205/249     1.51G  0.006792  0.002023 0.0002519  0.009067        38       640    0.8541    0.6529    0.7032    0.3937   0.02709   0.01396  0.007404
   206/249     1.51G  0.006965  0.002078 0.0003428  0.009386        47       640    0.8372    0.6652    0.7093     0.393   0.02708   0.01398  0.007414
   207/249     1.51G  0.006868  0.002115 0.0003196  0.009303        31       640    0.8399    0.6681    0.7105    0.3949   0.02709   0.01396  0.007409
   208/249     1.51G  0.007274  0.002051  0.000488  0.009814        34       640    0.8736    0.6466    0.7108    0.3953   0.02705   0.01398  0.007391
   209/249     1.51G     0.007  0.002085 0.0003038  0.009388        31       640    0.8359    0.6693    0.7117     0.395   0.02705   0.01396  0.007369
   210/249     1.51G  0.006712  0.002047  0.000306  0.009065        62       640    0.8686    0.6531    0.7117    0.3945   0.02704   0.01398  0.007332
   211/249     1.51G  0.006841  0.002004 0.0003032  0.009148        47       640    0.8712     0.655    0.7128     0.393   0.02705   0.01397  0.007285
   212/249     1.51G   0.00679  0.002066 0.0002741  0.009129        61       640    0.8754    0.6526     0.714    0.3932   0.02706   0.01399  0.007228
   213/249     1.51G  0.006617  0.002012 0.0002809   0.00891        50       640    0.8781    0.6527     0.713    0.3932   0.02703   0.01399  0.007169
   214/249     1.51G   0.00665  0.002081 0.0002676  0.008998        33       640    0.8809    0.6493    0.7123    0.3931   0.02702   0.01401  0.007127
   215/249     1.51G  0.007124  0.002045 0.0003243  0.009493        44       640    0.8768    0.6521    0.7117    0.3925   0.02702   0.01402  0.007104
   216/249     1.51G  0.006707  0.002074 0.0002575  0.009038        54       640    0.8818    0.6502    0.7116    0.3922   0.02701   0.01403  0.007063
   217/249     1.51G  0.006597  0.002081 0.0002526  0.008931        56       640     0.881    0.6525    0.7143    0.3933   0.02699   0.01404  0.007019
   218/249     1.51G  0.006884  0.002021 0.0003262  0.009231        31       640     0.875    0.6522    0.7127    0.3933   0.02698   0.01404  0.006994
   219/249     1.51G   0.00666   0.00199 0.0002397   0.00889        41       640    0.8721    0.6553    0.7142    0.3922   0.02697   0.01403  0.006976
   220/249     1.51G  0.006711  0.002021 0.0002985   0.00903        24       640    0.8675    0.6548    0.7134    0.3919   0.02696   0.01404   0.00697
   221/249     1.51G  0.006467  0.002003  0.000198  0.008668        34       640    0.8841    0.6473    0.7131    0.3918   0.02695   0.01404  0.006962
   222/249     1.51G  0.006505  0.001988 0.0002837  0.008776        27       640    0.8809    0.6504    0.7136     0.392   0.02694   0.01405  0.006957
   223/249     1.51G   0.00659  0.001999 0.0002482  0.008838        65       640    0.8731    0.6526    0.7115    0.3915   0.02693   0.01407  0.006945
   224/249     1.51G  0.006633  0.001987 0.0003061  0.008926        22       640    0.8741    0.6508    0.7099    0.3915    0.0269   0.01406  0.006932
   225/249     1.51G  0.006487  0.001983 0.0003185  0.008788        37       640    0.8696    0.6541    0.7111    0.3917   0.02688   0.01408  0.006925
   226/249     1.51G  0.006937  0.002044 0.0003952  0.009376        35       640    0.8575    0.6563    0.7111    0.3912   0.02687   0.01409  0.006921
   227/249     1.51G  0.006884  0.002047 0.0003379  0.009269        47       640    0.8449    0.6626     0.711    0.3915   0.02686   0.01408  0.006917
   228/249     1.51G  0.006802  0.002026 0.0003401  0.009167        33       640    0.8465    0.6626    0.7117    0.3908   0.02685   0.01408  0.006912
   229/249     1.51G  0.006966  0.002033 0.0002706   0.00927        55       640    0.8534     0.659    0.7117    0.3902   0.02683   0.01408  0.006911
   230/249     1.51G  0.006858  0.002034 0.0003513  0.009244        43       640    0.8607    0.6557    0.7127    0.3907   0.02682    0.0141  0.006908
   231/249     1.51G  0.006331  0.001964 0.0002285  0.008524        37       640    0.8581    0.6554    0.7131     0.391    0.0268   0.01412    0.0069
   232/249     1.51G  0.006898  0.001982 0.0003597  0.009239        21       640     0.845    0.6648    0.7143     0.392   0.02678   0.01412  0.006902
   233/249     1.51G  0.006799  0.002062 0.0003048  0.009165        33       640    0.8462    0.6671    0.7157    0.3926   0.02676   0.01412  0.006909
   234/249     1.51G  0.006546  0.002025 0.0002635  0.008835        45       640    0.8477    0.6668    0.7146    0.3925   0.02674    0.0141  0.006912
   235/249     1.51G  0.006486   0.00197 0.0003029  0.008759        38       640    0.8475    0.6703    0.7169    0.3937   0.02673   0.01411  0.006911
   236/249     1.51G  0.006674  0.002003 0.0003382  0.009016        64       640    0.8503    0.6659    0.7166     0.394   0.02672   0.01411   0.00691
   237/249     1.51G  0.006631  0.001994 0.0002459  0.008871        40       640    0.8496    0.6671    0.7179    0.3926   0.02673   0.01412  0.006916
   238/249     1.51G  0.006662  0.001945 0.0002654  0.008872        62       640    0.8501    0.6658    0.7175    0.3924   0.02672   0.01412  0.006914
   239/249     1.51G  0.006616  0.001962 0.0002962  0.008875        13       640    0.8481    0.6676    0.7175    0.3924   0.02671   0.01412  0.006912
   240/249     1.51G  0.006605     0.002 0.0002483  0.008853        36       640    0.8457    0.6675    0.7177    0.3931    0.0267   0.01412  0.006915
   241/249     1.51G  0.006661  0.001929 0.0003082  0.008898        26       640     0.842    0.6675    0.7168    0.3931   0.02669   0.01412  0.006914
   242/249     1.51G  0.006454  0.002018 0.0002788  0.008751        58       640    0.8337    0.6718    0.7164     0.393   0.02669   0.01412  0.006917
   243/249     1.51G  0.006633  0.002056 0.0003333  0.009022        28       640    0.8312     0.673    0.7165    0.3924   0.02668    0.0141  0.006922
   244/249     1.51G  0.006481  0.001971 0.0002608  0.008713        29       640    0.8355    0.6728     0.716    0.3933   0.02668   0.01412  0.006929
   245/249     1.51G  0.006565  0.001981 0.0002572  0.008803        19       640    0.8603    0.6569    0.7159    0.3929   0.02667   0.01413  0.006939
   246/249     1.51G  0.006688  0.002005 0.0002989  0.008992        26       640    0.8589    0.6575    0.7161    0.3927   0.02666   0.01412   0.00695
   247/249     1.51G  0.006531  0.002014 0.0002039  0.008749        37       640    0.8354    0.6726    0.7164    0.3926   0.02665   0.01413  0.006964
   248/249     1.51G  0.006371   0.00201 0.0003309  0.008712        14       640    0.8347    0.6733    0.7161    0.3924   0.02664   0.01412  0.006973
   249/249     1.51G  0.006363  0.001932 0.0002146   0.00851        39       640     0.834    0.6807    0.7226    0.3931   0.02663   0.01412  0.006985
